2 0.0 1.022603518067638 3.5175325670077746 3.5175325670077746 1.2191367107129705 2.1515005294438656 2.1515005294438656
7 1.022603518067638 0.0 3.5175325670077746 3.5175325670077746 1.2191367107129705 2.1515005294438656 2.1515005294438656
4 3.5175325670077746 3.5175325670077746 0.0 0.0213192587891754 3.1334956029101577 3.931432089602819 3.931432089602819
8 3.5175325670077746 3.5175325670077746 0.0213192587891754 0.0 3.1334956029101577 3.931432089602819 3.931432089602819
6 1.2191367107129705 1.2191367107129705 3.1334956029101577 3.1334956029101577 0.0 2.151500529443865 2.151500529443865
3 2.1515005294438656 2.1515005294438656 3.931432089602819 3.931432089602819 2.151500529443865 0.0 1.464231216066924
5 2.1515005294438656 2.1515005294438656 3.931432089602819 3.931432089602819 2.151500529443865 1.464231216066924 0.0
